A,B,C,D,E,F,G,H,I,J,K,L,R,S,T,U,V,W
1.6826075315475464,8.43391227722168,41.50660705566406,18.498489379882812,14.705038070678711,17.570268630981445,9.841914176940918,10.189031600952148,5.766533374786377,1.3759881258010864,0.0,0.0,22.327831268310547,4.099783420562744,1.6136479377746582,0.8230842351913452,0.8509537577629089,1.1263893842697144
1.6826075315475464,9.371013641357422,43.4371452331543,19.42341423034668,15.440290451049805,18.273080825805664,9.841914176940918,10.755088806152344,6.247077941894531,1.3759881258010864,0.0,0.0,22.327831268310547,5.124729156494141,1.6136479377746582,0.8230842351913452,0.8509537577629089,1.1263893842697144
1.6826075315475464,9.371013641357422,46.33295822143555,20.348339080810547,15.440290451049805,18.97589111328125,10.999786376953125,11.88720417022705,6.7276225090026855,1.3759881258010864,0.0,0.9892574548721313,24.56061363220215,5.124729156494141,1.6136479377746582,0.8230842351913452,1.7019075155258179,1.1263893842697144
1.6826075315475464,10.308115005493164,48.26349639892578,21.273263931274414,16.1755428314209,19.678701400756836,11.57872200012207,12.453261375427246,7.208166599273682,1.3759881258010864,0.6326487064361572,0.9892574548721313,24.56061363220215,5.124729156494141,1.6136479377746582,0.8230842351913452,1.7019075155258179,1.1263893842697144
1.6826075315475464,10.308115005493164,50.194034576416016,21.273263931274414,16.91079330444336,19.678701400756836,12.157658576965332,13.585375785827637,8.169255256652832,1.8346507549285889,0.6326487064361572,0.9892574548721313,25.677005767822266,5.124729156494141,1.6136479377746582,0.8230842351913452,1.7019075155258179,1.1263893842697144
1.6826075315475464,11.245216369628906,53.089847564697266,22.19818878173828,17.646045684814453,20.381511688232422,12.157658576965332,14.151432991027832,8.169255256652832,1.8346507549285889,0.6326487064361572,0.9892574548721313,26.793397903442383,6.149675369262695,1.6136479377746582,0.8230842351913452,1.7019075155258179,1.1263893842697144
1.6826075315475464,11.245216369628906,54.05511474609375,23.123111724853516,17.646045684814453,21.08432388305664,12.736594200134277,14.151432991027832,8.649800300598145,1.8346507549285889,0.6326487064361572,0.9892574548721313,27.909788131713867,6.149675369262695,1.6136479377746582,0.8230842351913452,1.7019075155258179,1.1263893842697144
1.6826075315475464,11.245216369628906,55.0203857421875,23.123111724853516,18.381298065185547,21.787134170532227,12.736594200134277,14.717490196228027,8.649800300598145,1.8346507549285889,0.6326487064361572,0.9892574548721313,27.909788131713867,6.149675369262695,1.6136479377746582,0.8230842351913452,1.7019075155258179,1.1263893842697144
1.6826075315475464,12.182317733764648,56.950923919677734,24.048036575317383,18.381298065185547,21.787134170532227,13.315530776977539,14.717490196228027,8.649800300598145,1.8346507549285889,0.6326487064361572,0.9892574548721313,29.026180267333984,6.149675369262695,1.6136479377746582,0.8230842351913452,1.7019075155258179,1.1263893842697144
1.6826075315475464,12.182317733764648,58.881465911865234,24.97296142578125,19.11655044555664,22.489944458007812,13.315530776977539,15.283547401428223,9.13034439086914,1.8346507549285889,0.6326487064361572,0.9892574548721313,30.1425724029541,6.149675369262695,2.4204719066619873,1.6461684703826904,1.7019075155258179,1.1263893842697144
1.6826075315475464,12.182317733764648,57.916194915771484,24.97296142578125,19.11655044555664,22.489944458007812,13.894466400146484,15.849605560302734,9.13034439086914,1.8346507549285889,0.6326487064361572,0.9892574548721313,30.1425724029541,6.149675369262695,2.4204719066619873,1.6461684703826904,1.7019075155258179,1.1263893842697144
2.523911237716675,12.182317733764648,59.846736907958984,25.897886276245117,19.8518009185791,23.1927547454834,13.894466400146484,15.849605560302734,9.610889434814453,1.8346507549285889,0.6326487064361572,0.9892574548721313,30.1425724029541,6.149675369262695,2.4204719066619873,1.6461684703826904,1.7019075155258179,1.1263893842697144
2.523911237716675,12.182317733764648,60.81200408935547,25.897886276245117,19.8518009185791,23.1927547454834,14.473402976989746,16.41566276550293,9.610889434814453,1.8346507549285889,0.6326487064361572,0.9892574548721313,31.258962631225586,6.149675369262695,2.4204719066619873,1.6461684703826904,1.7019075155258179,1.1263893842697144
2.523911237716675,12.182317733764648,61.77727508544922,26.822811126708984,20.587053298950195,23.895566940307617,14.473402976989746,16.41566276550293,9.610889434814453,1.8346507549285889,0.6326487064361572,0.9892574548721313,31.258962631225586,6.149675369262695,2.4204719066619873,1.6461684703826904,1.7019075155258179,1.1263893842697144
2.523911237716675,12.182317733764648,62.74254608154297,26.822811126708984,20.587053298950195,24.598377227783203,14.473402976989746,16.41566276550293,9.610889434814453,2.293313503265381,0.6326487064361572,0.9892574548721313,31.258962631225586,7.174621105194092,2.4204719066619873,1.6461684703826904,1.7019075155258179,1.1263893842697144
2.523911237716675,13.11941909790039,63.70781326293945,27.74773406982422,20.587053298950195,24.598377227783203,14.473402976989746,16.41566276550293,9.610889434814453,2.293313503265381,0.6326487064361572,0.9892574548721313,31.258962631225586,7.174621105194092,2.4204719066619873,1.6461684703826904,1.7019075155258179,1.1263893842697144
2.523911237716675,13.11941909790039,64.67308807373047,27.74773406982422,21.32230567932129,24.598377227783203,15.052338600158691,16.981719970703125,10.09143352508545,2.293313503265381,0.6326487064361572,0.9892574548721313,32.3753547668457,7.174621105194092,2.4204719066619873,1.6461684703826904,1.7019075155258179,1.1263893842697144
2.523911237716675,13.11941909790039,64.67308807373047,27.74773406982422,21.32230567932129,24.598377227783203,15.052338600158691,16.981719970703125,10.09143352508545,2.293313503265381,0.6326487064361572,0.9892574548721313,32.3753547668457,7.174621105194092,2.4204719066619873,1.6461684703826904,1.7019075155258179,1.1263893842697144
2.523911237716675,13.11941909790039,64.67308807373047,27.74773406982422,21.32230567932129,25.30118751525879,15.631275177001953,17.54777717590332,10.571977615356445,2.293313503265381,0.6326487064361572,0.9892574548721313,34.60813903808594,7.174621105194092,2.4204719066619873,1.6461684703826904,1.7019075155258179,1.1263893842697144
2.523911237716675,13.11941909790039,65.63835144042969,27.74773406982422,21.32230567932129,25.30118751525879,15.631275177001953,18.113834381103516,11.052522659301758,2.293313503265381,0.6326487064361572,0.9892574548721313,34.60813903808594,7.174621105194092,2.4204719066619873,1.6461684703826904,1.7019075155258179,1.1263893842697144
2.523911237716675,14.056520462036133,66.60362243652344,28.672658920288086,22.057558059692383,26.003997802734375,15.631275177001953,18.113834381103516,11.052522659301758,2.293313503265381,0.6326487064361572,0.9892574548721313,34.60813903808594,7.174621105194092,2.4204719066619873,1.6461684703826904,1.7019075155258179,1.1263893842697144
2.523911237716675,14.056520462036133,66.60362243652344,28.672658920288086,22.057558059692383,26.003997802734375,16.2102108001709,18.67989158630371,11.052522659301758,2.293313503265381,0.6326487064361572,0.9892574548721313,34.60813903808594,7.174621105194092,2.4204719066619873,1.6461684703826904,1.7019075155258179,1.1263893842697144
2.523911237716675,14.056520462036133,67.56889343261719,28.672658920288086,22.792808532714844,26.706809997558594,16.2102108001709,18.113834381103516,11.052522659301758,2.293313503265381,0.6326487064361572,0.9892574548721313,35.72452926635742,7.174621105194092,2.4204719066619873,1.6461684703826904,1.7019075155258179,1.1263893842697144
2.523911237716675,14.056520462036133,68.53416442871094,28.672658920288086,22.057558059692383,26.706809997558594,16.2102108001709,18.67989158630371,11.533066749572754,2.293313503265381,0.6326487064361572,0.9892574548721313,35.72452926635742,7.174621105194092,2.4204719066619873,1.6461684703826904,1.7019075155258179,1.1263893842697144
2.523911237716675,14.056520462036133,67.56889343261719,28.672658920288086,22.057558059692383,26.706809997558594,16.789146423339844,19.245948791503906,11.533066749572754,2.293313503265381,0.6326487064361572,0.9892574548721313,36.840919494628906,8.199566841125488,2.4204719066619873,1.6461684703826904,1.7019075155258179,1.1263893842697144
2.523911237716675,14.056520462036133,67.56889343261719,28.672658920288086,22.792808532714844,26.706809997558594,16.789146423339844,19.245948791503906,12.01361083984375,2.293313503265381,0.6326487064361572,0.9892574548721313,36.840919494628906,8.199566841125488,2.4204719066619873,1.6461684703826904,1.7019075155258179,1.1263893842697144
2.523911237716675,14.056520462036133,68.53416442871094,29.597583770751953,22.792808532714844,27.40962028503418,16.789146423339844,19.245948791503906,12.01361083984375,2.293313503265381,0.6326487064361572,0.9892574548721313,37.957313537597656,8.199566841125488,2.4204719066619873,1.6461684703826904,1.7019075155258179,1.1263893842697144
2.523911237716675,14.056520462036133,68.53416442871094,29.597583770751953,22.792808532714844,27.40962028503418,16.789146423339844,19.8120059967041,12.01361083984375,2.293313503265381,0.6326487064361572,0.9892574548721313,37.957313537597656,8.199566841125488,2.4204719066619873,1.6461684703826904,2.552861213684082,1.1263893842697144
2.523911237716675,14.056520462036133,68.53416442871094,29.597583770751953,22.792808532714844,27.40962028503418,17.368083953857422,19.8120059967041,12.01361083984375,2.751976251602173,0.6326487064361572,0.9892574548721313,37.957313537597656,8.199566841125488,2.4204719066619873,1.6461684703826904,1.7019075155258179,1.1263893842697144
2.523911237716675,14.056520462036133,68.53416442871094,29.597583770751953,22.792808532714844,27.40962028503418,17.368083953857422,20.378063201904297,12.494155883789062,2.751976251602173,0.6326487064361572,0.9892574548721313,39.07370376586914,8.199566841125488,2.4204719066619873,1.6461684703826904,2.552861213684082,1.1263893842697144
2.523911237716675,14.056520462036133,68.53416442871094,29.597583770751953,23.528060913085938,27.40962028503418,17.947019577026367,20.378063201904297,12.494155883789062,2.751976251602173,0.6326487064361572,0.9892574548721313,39.07370376586914,8.199566841125488,2.4204719066619873,1.6461684703826904,1.7019075155258179,1.1263893842697144
2.523911237716675,14.056520462036133,68.53416442871094,29.597583770751953,22.792808532714844,27.40962028503418,17.947019577026367,20.944120407104492,12.494155883789062,2.751976251602173,0.6326487064361572,0.9892574548721313,39.07370376586914,8.199566841125488,2.4204719066619873,1.6461684703826904,2.552861213684082,1.1263893842697144
2.523911237716675,14.056520462036133,68.53416442871094,29.597583770751953,22.792808532714844,27.40962028503418,17.947019577026367,20.944120407104492,12.974699974060059,2.751976251602173,0.6326487064361572,0.9892574548721313,39.07370376586914,9.224513053894043,2.4204719066619873,1.6461684703826904,2.552861213684082,1.1263893842697144
2.523911237716675,14.056520462036133,69.49943542480469,29.597583770751953,23.528060913085938,28.112430572509766,17.947019577026367,20.944120407104492,12.974699974060059,2.751976251602173,0.6326487064361572,0.9892574548721313,39.07370376586914,9.224513053894043,2.4204719066619873,1.6461684703826904,2.552861213684082,1.1263893842697144
2.523911237716675,14.993621826171875,70.46470642089844,29.597583770751953,23.528060913085938,28.112430572509766,17.947019577026367,20.944120407104492,12.974699974060059,2.751976251602173,0.6326487064361572,0.9892574548721313,40.190093994140625,9.224513053894043,2.4204719066619873,1.6461684703826904,2.552861213684082,1.1263893842697144
2.523911237716675,14.993621826171875,71.42997741699219,30.52250862121582,24.26331329345703,28.81524085998535,18.525955200195312,21.510177612304688,12.974699974060059,2.751976251602173,0.6326487064361572,0.9892574548721313,40.190093994140625,9.224513053894043,3.2272958755493164,1.6461684703826904,2.552861213684082,1.1263893842697144
2.523911237716675,14.993621826171875,72.3952407836914,30.52250862121582,24.26331329345703,28.81524085998535,18.525955200195312,21.510177612304688,13.455245018005371,2.751976251602173,0.6326487064361572,0.9892574548721313,41.306488037109375,9.224513053894043,3.2272958755493164,1.6461684703826904,2.552861213684082,1.1263893842697144
2.523911237716675,15.930723190307617,73.36051177978516,31.447433471679688,24.26331329345703,29.51805305480957,19.104890823364258,22.076234817504883,13.455245018005371,2.751976251602173,0.6326487064361572,0.9892574548721313,41.306488037109375,9.224513053894043,3.2272958755493164,1.6461684703826904,2.552861213684082,1.1263893842697144
2.523911237716675,15.930723190307617,74.3257827758789,31.447433471679688,24.998565673828125,29.51805305480957,19.104890823364258,22.076234817504883,13.935789108276367,2.751976251602173,0.6326487064361572,0.9892574548721313,42.42287826538086,9.224513053894043,3.2272958755493164,1.6461684703826904,2.552861213684082,1.1263893842697144
2.523911237716675,15.930723190307617,74.3257827758789,31.447433471679688,24.998565673828125,29.51805305480957,19.104890823364258,22.64229393005371,13.935789108276367,2.751976251602173,0.6326487064361572,0.9892574548721313,42.42287826538086,9.224513053894043,3.2272958755493164,1.6461684703826904,2.552861213684082,1.1263893842697144
2.523911237716675,15.930723190307617,75.29105377197266,31.447433471679688,24.998565673828125,30.220863342285156,19.683828353881836,22.64229393005371,13.935789108276367,2.751976251602173,0.6326487064361572,0.9892574548721313,43.539268493652344,9.224513053894043,3.2272958755493164,1.6461684703826904,2.552861213684082,1.1263893842697144
2.523911237716675,15.930723190307617,76.2563247680664,32.37235641479492,25.733816146850586,30.220863342285156,20.26276397705078,23.208351135253906,13.935789108276367,2.751976251602173,0.6326487064361572,0.9892574548721313,43.539268493652344,9.224513053894043,3.2272958755493164,1.6461684703826904,2.552861213684082,1.1263893842697144
2.523911237716675,15.930723190307617,76.2563247680664,32.37235641479492,25.733816146850586,30.220863342285156,20.26276397705078,23.208351135253906,14.416333198547363,2.751976251602173,0.6326487064361572,0.9892574548721313,43.539268493652344,9.224513053894043,3.2272958755493164,1.6461684703826904,2.552861213684082,1.1263893842697144
2.523911237716675,15.930723190307617,76.2563247680664,32.37235641479492,25.733816146850586,30.220863342285156,20.26276397705078,23.208351135253906,14.416333198547363,2.751976251602173,0.6326487064361572,0.9892574548721313,43.539268493652344,9.224513053894043,3.2272958755493164,1.6461684703826904,2.552861213684082,1.1263893842697144
2.523911237716675,15.930723190307617,76.2563247680664,32.37235641479492,25.733816146850586,30.220863342285156,20.841699600219727,23.7744083404541,14.416333198547363,2.751976251602173,0.6326487064361572,0.9892574548721313,43.539268493652344,9.224513053894043,3.2272958755493164,1.6461684703826904,2.552861213684082,1.1263893842697144
2.523911237716675,15.930723190307617,76.2563247680664,32.37235641479492,25.733816146850586,30.220863342285156,21.420635223388672,23.7744083404541,14.416333198547363,2.751976251602173,0.6326487064361572,0.9892574548721313,44.655662536621094,10.249458312988281,3.2272958755493164,1.6461684703826904,2.552861213684082,1.1263893842697144
2.523911237716675,15.930723190307617,76.2563247680664,32.37235641479492,25.733816146850586,30.220863342285156,21.420635223388672,23.7744083404541,14.416333198547363,3.2106387615203857,0.6326487064361572,0.9892574548721313,44.655662536621094,10.249458312988281,3.2272958755493164,1.6461684703826904,2.552861213684082,1.1263893842697144
2.523911237716675,15.930723190307617,76.2563247680664,32.37235641479492,25.733816146850586,30.923673629760742,21.99957275390625,24.340465545654297,14.416333198547363,3.2106387615203857,0.6326487064361572,0.9892574548721313,44.655662536621094,9.224513053894043,3.2272958755493164,1.6461684703826904,2.552861213684082,1.1263893842697144
2.523911237716675,16.86782455444336,78.1868667602539,33.29728317260742,26.46906852722168,31.626483917236328,23.15744400024414,24.906522750854492,14.896878242492676,3.2106387615203857,0.6326487064361572,0.9892574548721313,45.77205276489258,10.249458312988281,3.2272958755493164,1.6461684703826904,2.552861213684082,1.1263893842697144
3.3652150630950928,16.86782455444336,79.15213012695312,33.29728317260742,26.46906852722168,31.626483917236328,23.736379623413086,25.472579956054688,15.377422332763672,3.2106387615203857,0.6326487064361572,0.9892574548721313,46.88844299316406,10.249458312988281,3.2272958755493164,1.6461684703826904,2.552861213684082,2.2527787685394287
3.3652150630950928,17.8049259185791,80.11740112304688,33.29728317260742,27.204320907592773,32.32929611206055,24.89425277709961,26.038637161254883,15.377422332763672,3.2106387615203857,0.6326487064361572,0.9892574548721313,48.00483703613281,10.249458312988281,3.2272958755493164,2.469252824783325,2.552861213684082,2.2527787685394287
3.3652150630950928,17.8049259185791,81.08267211914062,34.222206115722656,27.204320907592773,32.32929611206055,26.0521240234375,26.604694366455078,15.857966423034668,3.2106387615203857,0.6326487064361572,0.9892574548721313,49.1212272644043,10.249458312988281,3.2272958755493164,2.469252824783325,3.4038150310516357,2.2527787685394287
3.3652150630950928,17.8049259185791,82.04794311523438,34.222206115722656,27.939573287963867,33.0321044921875,27.209997177124023,27.73680877685547,16.338510513305664,3.6693015098571777,0.6326487064361572,0.9892574548721313,50.23761749267578,11.274404525756836,3.2272958755493164,2.469252824783325,3.4038150310516357,2.2527787685394287
3.3652150630950928,17.8049259185791,82.04794311523438,35.14712905883789,28.674823760986328,33.0321044921875,28.946805953979492,28.302865982055664,16.819055557250977,3.6693015098571777,0.6326487064361572,0.9892574548721313,51.35401153564453,11.274404525756836,4.034120082855225,2.469252824783325,3.4038150310516357,2.2527787685394287
3.3652150630950928,18.742027282714844,83.01321411132812,35.14712905883789,28.674823760986328,33.73491668701172,30.683612823486328,29.434980392456055,17.29960060119629,3.6693015098571777,0.6326487064361572,0.9892574548721313,52.470401763916016,12.29935073852539,4.034120082855225,2.469252824783325,3.4038150310516357,2.2527787685394287
3.3652150630950928,18.742027282714844,83.97848510742188,36.07205581665039,29.410076141357422,34.43772888183594,32.4204216003418,30.567094802856445,17.29960060119629,3.6693015098571777,0.6326487064361572,0.9892574548721313,53.586795806884766,12.29935073852539,4.034120082855225,2.469252824783325,3.4038150310516357,2.2527787685394287
3.3652150630950928,18.742027282714844,84.94375610351562,36.07205581665039,29.410076141357422,34.43772888183594,34.157230377197266,31.13315200805664,17.29960060119629,4.127964019775391,0.6326487064361572,0.9892574548721313,54.70318603515625,12.29935073852539,4.034120082855225,2.469252824783325,3.4038150310516357,2.2527787685394287
3.3652150630950928,18.742027282714844,84.94375610351562,36.996978759765625,30.145328521728516,35.14053726196289,36.47297286987305,32.26526641845703,17.78014373779297,4.127964019775391,0.6326487064361572,0.9892574548721313,55.819576263427734,12.29935073852539,4.034120082855225,2.469252824783325,4.2547688484191895,2.2527787685394287
3.3652150630950928,18.742027282714844,85.90901947021484,37.921905517578125,30.88058090209961,35.84334945678711,38.788719177246094,33.39738082885742,18.26068878173828,4.127964019775391,0.6326487064361572,0.9892574548721313,58.05236053466797,12.29935073852539,4.034120082855225,2.469252824783325,4.2547688484191895,3.3791682720184326
3.3652150630950928,18.742027282714844,85.90901947021484,37.921905517578125,31.61583137512207,36.54616165161133,41.68339920043945,34.52949523925781,18.26068878173828,4.127964019775391,1.2652974128723145,0.9892574548721313,59.16875076293945,12.29935073852539,4.034120082855225,2.469252824783325,4.2547688484191895,3.3791682720184326
3.3652150630950928,18.742027282714844,86.8742904663086,38.84682846069336,32.3510856628418,37.24897003173828,44.57807922363281,36.22766876220703,18.741233825683594,4.586627006530762,1.2652974128723145,0.9892574548721313,61.40153503417969,13.324295997619629,4.034120082855225,2.469252824783325,4.2547688484191895,3.3791682720184326
3.3652150630950928,18.742027282714844,86.8742904663086,39.771751403808594,33.086334228515625,37.9517822265625,48.05169677734375,37.92584228515625,19.221778869628906,4.586627006530762,1.2652974128723145,0.9892574548721313,63.63431930541992,14.349242210388184,4.034120082855225,2.469252824783325,5.105722427368164,3.3791682720184326
3.3652150630950928,19.679128646850586,88.8048324584961,40.696678161621094,33.82158660888672,38.65459060668945,50.36743927001953,39.05795669555664,19.221778869628906,5.045289516448975,1.2652974128723145,0.9892574548721313,64.7507095336914,14.349242210388184,4.034120082855225,2.469252824783325,5.105722427368164,3.3791682720184326
3.3652150630950928,19.679128646850586,88.8048324584961,41.62160110473633,35.292091369628906,40.06021499633789,54.41999435424805,41.32218551635742,19.702322006225586,5.045289516448975,1.2652974128723145,0.9892574548721313,68.09988403320312,14.349242210388184,4.034120082855225,2.469252824783325,5.105722427368164,3.3791682720184326
3.3652150630950928,19.679128646850586,90.7353744506836,43.47145080566406,36.762596130371094,41.46583557128906,60.209354400634766,44.718528747558594,20.66341209411621,5.503952503204346,1.2652974128723145,1.9785149097442627,71.44905853271484,15.374187469482422,4.034120082855225,2.469252824783325,5.956676483154297,4.505557537078857
3.3652150630950928,20.616230010986328,92.6659164428711,45.3213005065918,38.96834945678711,44.277076721191406,66.57765197753906,48.114871978759766,21.624500274658203,5.962615013122559,1.2652974128723145,1.9785149097442627,75.91462707519531,16.399133682250977,4.840943813323975,3.292336940765381,6.8076300621032715,4.505557537078857
3.3652150630950928,20.616230010986328,94.59645080566406,48.096073150634766,41.909358978271484,46.3855094909668,73.52488708496094,52.077274322509766,22.585588455200195,6.4212775230407715,1.2652974128723145,1.9785149097442627,81.49658203125,17.42407989501953,4.840943813323975,3.292336940765381,6.8076300621032715,4.505557537078857
3.3652150630950928,21.55333137512207,95.56172180175781,50.870845794677734,44.115116119384766,48.49394226074219,80.47211456298828,56.60573196411133,23.54667854309082,6.879940509796143,1.2652974128723145,1.9785149097442627,87.07853698730469,18.449026107788086,4.840943813323975,3.292336940765381,7.658583641052246,5.631947040557861
3.3652150630950928,21.55333137512207,97.49226379394531,53.64562225341797,47.056121826171875,51.3051872253418,87.41934967041016,60.56813430786133,24.507766723632812,7.3386030197143555,1.2652974128723145,1.9785149097442627,92.6604995727539,19.473970413208008,4.840943813323975,3.292336940765381,8.509537696838379,5.631947040557861
3.3652150630950928,22.490432739257812,99.42280578613281,56.42039489746094,50.73237991333008,54.81924057006836,95.52445983886719,65.66265106201172,25.949399948120117,7.797265529632568,1.2652974128723145,1.9785149097442627,98.2424545288086,20.498916625976562,4.840943813323975,3.292336940765381,9.360491752624512,6.758336544036865
3.3652150630950928,22.490432739257812,102.31861114501953,60.12009048461914,54.40864181518555,57.6304817199707,103.62956237792969,70.75716400146484,26.910490036010742,8.255928039550781,1.8979461193084717,1.9785149097442627,106.05719757080078,22.548809051513672,5.647768020629883,3.292336940765381,10.211444854736328,6.758336544036865
4.206518650054932,23.427534103393555,104.24915313720703,63.81978988647461,58.08489990234375,61.144535064697266,112.89253997802734,76.41773986816406,28.352123260498047,9.173254013061523,1.8979461193084717,1.9785149097442627,112.75554656982422,24.59870147705078,5.647768020629883,4.115421295166016,11.062398910522461,7.884725570678711
4.206518650054932,24.364635467529297,107.14495849609375,67.51948547363281,61.76116180419922,65.36140441894531,121.57658386230469,82.64437103271484,29.79375648498535,9.631916046142578,1.8979461193084717,1.9785149097442627,120.5702896118164,25.623645782470703,5.647768020629883,4.115421295166016,11.913352966308594,7.884725570678711
4.206518650054932,24.364635467529297,109.07550048828125,71.21918487548828,66.17266845703125,68.87545776367188,131.41848754882812,88.87100219726562,31.235389709472656,10.54924201965332,1.8979461193084717,1.9785149097442627,129.5014190673828,27.673538208007812,5.647768020629883,4.115421295166016,12.76430606842041,9.011115074157715
4.206518650054932,25.30173683166504,112.93658447265625,75.84381103515625,70.58418273925781,73.79512786865234,140.6814727783203,95.0976333618164,33.15756607055664,11.007905006408691,1.8979461193084717,1.9785149097442627,137.316162109375,29.723430633544922,6.454591751098633,4.115421295166016,13.615260124206543,9.011115074157715
4.206518650054932,26.23883819580078,116.79766082763672,80.46842956542969,75.73094940185547,78.71480560302734,151.68125915527344,103.02243041992188,34.59920120239258,11.925230026245117,2.530594825744629,1.9785149097442627,148.48007202148438,31.7733211517334,6.454591751098633,4.93850564956665,14.466214179992676,10.137504577636719
4.206518650054932,27.175939559936523,120.65873718261719,86.01797485351562,81.61296081542969,84.33729553222656,161.52317810058594,110.38117980957031,36.52137756347656,12.842555046081543,2.530594825744629,1.9785149097442627,158.52760314941406,33.823211669921875,6.454591751098633,4.93850564956665,15.317167282104492,10.137504577636719
4.206518650054932,28.113040924072266,124.51982116699219,90.6426010131836,86.75972747802734,89.95977783203125,171.9440155029297,118.87203979492188,38.92409896850586,13.759881019592285,2.530594825744629,1.9785149097442627,169.69151306152344,35.873104095458984,7.261415958404541,4.93850564956665,17.019075393676758,11.263894081115723
4.206518650054932,29.050142288208008,129.34617614746094,96.19214630126953,93.37699127197266,95.58226776123047,183.5227508544922,127.928955078125,41.32682418823242,14.677206039428711,2.530594825744629,2.9677724838256836,181.97181701660156,37.922996520996094,7.261415958404541,5.761589527130127,17.87002944946289,12.390283584594727
4.206518650054932,30.924345016479492,134.17251586914062,102.66661834716797,99.2590103149414,102.6103744506836,196.25933837890625,138.11798095703125,44.21009063720703,15.594531059265137,3.163243532180786,2.9677724838256836,195.36851501464844,40.997833251953125,8.06824016571045,5.761589527130127,19.571935653686523,12.390283584594727
5.04782247543335,32.79854965209961,141.89468383789062,110.99093627929688,108.8172836303711,111.74691009521484,211.89060974121094,151.13729858398438,48.054443359375,16.97052001953125,3.163243532180786,2.9677724838256836,214.34718322753906,45.097618103027344,8.06824016571045,6.584673881530762,20.422889709472656,13.51667308807373
5.04782247543335,35.6098518371582,151.54737854003906,119.31526184082031,119.11080932617188,121.58626556396484,228.6797637939453,165.2887420654297,52.85988998413086,18.346508026123047,3.7958922386169434,2.9677724838256836,233.32583618164062,48.172454833984375,8.8750638961792,6.584673881530762,22.975751876831055,14.643061637878418
5.04782247543335,38.42115783691406,160.23480224609375,128.5644989013672,129.4043426513672,132.12841796875,245.46890258789062,179.44017028808594,57.66533279418945,19.722496032714844,3.7958922386169434,2.9677724838256836,253.42088317871094,52.272239685058594,9.68188762664795,7.4077582359313965,24.677658081054688,15.769451141357422
5.889126300811768,42.16956329345703,170.852783203125,137.81375122070312,140.43312072753906,143.37339782714844,263.4159240722656,195.28977966308594,62.47077941894531,21.557146072387695,4.42854118347168,3.9570298194885254,274.63232421875,57.396968841552734,10.4887113571167,8.230842590332031,26.379566192626953,16.895841598510742
5.889126300811768,44.980865478515625,182.43601989746094,147.06298828125,151.46189880371094,154.6183624267578,282.52081298828125,211.7054443359375,68.23731231689453,23.39179801940918,4.42854118347168,3.9570298194885254,299.19293212890625,61.49674987792969,11.295536041259766,8.230842590332031,28.08147430419922,18.02223014831543
5.889126300811768,48.729270935058594,194.01925659179688,157.23716735839844,162.4906768798828,165.86334228515625,302.20465087890625,229.2532196044922,74.48439025878906,24.767786026000977,5.061189651489258,3.9570298194885254,323.7535400390625,66.6214828491211,12.102359771728516,9.053926467895508,30.634334564208984,19.148618698120117
6.7304301261901855,52.47767639160156,206.56776428222656,166.4864044189453,173.5194549560547,177.81112670898438,320.7305908203125,247.36705017089844,80.7314682006836,26.602436065673828,5.693838596343994,3.9570298194885254,349.4305419921875,71.74620819091797,12.909183502197266,9.8770112991333,32.33624267578125,20.275009155273438
6.7304301261901855,56.22608184814453,220.08154296875,176.66058349609375,186.01873779296875,189.7589111328125,340.4144287109375,266.6130065917969,87.93963623046875,28.895750045776367,6.326487064361572,4.946287155151367,376.22393798828125,76.87094116210938,13.716007232666016,10.700095176696777,34.889102935791016,21.401397705078125
7.5717339515686035,59.9744873046875,234.5605926513672,187.75967407226562,197.7827606201172,201.70669555664062,360.67718505859375,285.85894775390625,95.62834167480469,30.73040008544922,6.326487064361572,4.946287155151367,403.017333984375,83.02061462402344,15.329655647277832,11.523179054260254,36.59101104736328,22.527788162231445
7.5717339515686035,64.65999603271484,249.03964233398438,197.933837890625,209.5467987060547,214.35728454589844,380.93994140625,306.23699951171875,103.79759979248047,32.5650520324707,6.959136009216309,5.935544967651367,430.9271240234375,89.1702880859375,16.1364803314209,12.346263885498047,39.14387130737305,23.654176712036133
8.413037300109863,68.40840148925781,266.41448974609375,209.95785522460938,222.7813262939453,227.710693359375,400.0448303222656,326.6150817871094,111.96685791015625,34.39970016479492,7.591784477233887,5.935544967651367,457.72052001953125,94.2950210571289,17.7501277923584,13.169347763061523,40.84577941894531,24.780567169189453
8.413037300109863,74.031005859375,283.78936767578125,221.98187255859375,236.75111389160156,241.76690673828125,420.3076171875,347.5592041015625,121.09719848632812,36.693016052246094,8.224432945251465,6.924802303314209,486.7467041015625,100.44469451904297,18.55695152282715,13.992431640625,43.398643493652344,25.90695571899414
9.254341125488281,78.71651458740234,302.1294860839844,233.0809783935547,249.25039672851562,255.12030029296875,441.1493225097656,368.5033264160156,129.7469940185547,38.52766418457031,8.85708236694336,6.924802303314209,516.8892822265625,106.59436798095703,20.17059898376465,14.815516471862793,45.100547790527344,27.03334617614746
9.254341125488281,84.33912658691406,320.4696044921875,246.02992248535156,262.48492431640625,269.87933349609375,463.1488952636719,391.1455993652344,139.83843994140625,40.820980072021484,9.489730834960938,7.914059638977051,549.2646484375,112.7440414428711,21.78424644470215,15.63860034942627,47.653411865234375,28.15973472595215
10.0956449508667,89.02462768554688,340.74029541015625,258.0539245605469,276.4547119140625,283.935546875,485.1484375,414.9200134277344,150.41041564941406,43.11429214477539,10.122379302978516,7.914059638977051,583.872802734375,119.91866302490234,23.39789581298828,17.28476905822754,50.20627212524414,29.286123275756836
10.936948776245117,95.58434295654297,362.9414978027344,271.92779541015625,292.6302490234375,300.8030090332031,505.9901428222656,438.6944274902344,161.9434814453125,45.40760803222656,10.755027770996094,8.90331745147705,620.7136840820312,127.0932846069336,25.01154327392578,18.107852935791016,53.61008834838867,31.538902282714844
11.778252601623535,104.01824951171875,393.83013916015625,289.5013732910156,311.7467956542969,320.4817199707031,523.9371948242188,461.33673095703125,174.43763732910156,47.24225616455078,11.387677192687988,9.892574310302734,657.5546264648438,135.2928466796875,27.43201446533203,19.7540225982666,56.16294860839844,32.66529083251953
12.619556427001953,112.45216369628906,426.6492919921875,307.0749206542969,330.86334228515625,339.4576110839844,541.3052368164062,483.4129638671875,186.4512481689453,49.076908111572266,12.020325660705566,10.881832122802734,695.5119018554688,142.46746826171875,29.045663833618164,20.577106475830078,58.7158088684082,33.791683197021484
13.460860252380371,120.88607788085938,458.5032043457031,323.72357177734375,347.7741394042969,356.3250427246094,557.5154418945312,502.6589050292969,197.98431396484375,50.91156005859375,12.652974128723145,11.871089935302734,727.8872680664062,147.5922088623047,31.466135025024414,22.22327423095703,61.26866912841797,34.91807174682617
14.302164077758789,129.3199920654297,493.2529296875,341.2971496582031,366.15545654296875,375.3009338378906,576.620361328125,523.60302734375,209.9979248046875,52.74620819091797,13.285622596740723,11.871089935302734,759.146240234375,153.74188232421875,33.8866081237793,23.046358108520508,63.821533203125,36.04446029663086
15.143467903137207,138.69100952148438,529.9331665039062,357.9457702636719,383.8014831542969,393.57403564453125,598.041015625,545.6792602539062,222.01153564453125,54.58086013793945,13.285622596740723,12.860346794128418,789.288818359375,159.8915557861328,35.5002555847168,24.692527770996094,65.5234375,36.04446029663086
15.984771728515625,148.06201171875,564.6829223632812,373.66949462890625,399.2417907714844,409.7386779785156,613.0933227539062,566.0573120117188,232.58351135253906,56.41551208496094,13.918272018432617,13.849604606628418,811.6166381835938,163.9913330078125,37.1139030456543,25.51561164855957,65.5234375,37.17084884643555
16.826074600219727,156.4959259033203,600.3978881835938,388.4682922363281,414.68206787109375,425.9033203125,593.4094848632812,575.6802978515625,243.15548706054688,56.87417221069336,14.550920486450195,14.838861465454102,818.3150024414062,170.14100646972656,39.53437423706055,26.338695526123047,68.07630157470703,39.42362976074219
17.66737937927246,165.866943359375,636.1128540039062,404.1920166015625,431.5928649902344,444.1763916015625,512.9373779296875,512.2818603515625,238.83059692382812,51.37022018432617,13.918272018432617,14.838861465454102,902.0443725585938,181.41542053222656,41.9548454284668,28.80794906616211,77.4367904663086,43.9291877746582
18.508682250976562,175.2379608154297,672.7931518554688,420.84063720703125,448.503662109375,461.7466735839844,635.0928955078125,585.8693237304688,246.03875732421875,58.250160217285156,14.550920486450195,14.838861465454102,928.8377685546875,182.44036865234375,44.37531661987305,29.631032943725586,75.7348861694336,41.67640686035156
20.1912899017334,184.6089630126953,711.4039306640625,439.3391418457031,469.8259582519531,482.83099365234375,757.2484130859375,682.0990600585938,278.7157897949219,66.04742431640625,16.44886589050293,16.8173770904541,850.6903686523438,171.16595458984375,41.14802169799805,27.98486328125,73.18202209472656,41.67640686035156
21.032594680786133,193.97998046875,747.118896484375,456.9126892089844,488.9425048828125,503.2124938964844,728.3016357421875,622.6630859375,231.62242126464844,59.16748809814453,14.550920486450195,14.838861465454102,894.2296142578125,175.2657470703125,38.7275505065918,27.98486328125,80.84060668945312,46.18196487426758
21.873897552490234,203.3509979248047,788.6255493164062,473.56134033203125,509.5295715332031,524.2968139648438,768.8271484375,648.1356201171875,224.89480590820312,61.46080017089844,14.550920486450195,12.860346794128418,877.4837646484375,167.06617736816406,34.69343185424805,26.338695526123047,81.69155883789062,47.308353424072266
22.71520233154297,213.65911865234375,826.2710571289062,490.2099914550781,527.910888671875,543.272705078125,794.8792724609375,681.5330200195312,232.58351135253906,63.29545211791992,15.183568954467773,12.860346794128418,900.927978515625,172.19090270996094,34.69343185424805,26.338695526123047,84.24442291259766,48.43474197387695
24.397809982299805,223.03012084960938,862.9512939453125,505.0087585449219,544.08642578125,560.843017578125,821.5103149414062,707.5716552734375,240.7527618408203,65.5887680053711,15.183568954467773,13.849604606628418,934.4197387695312,176.29067993164062,35.5002555847168,27.161779403686523,87.64823913574219,49.561134338378906
25.239112854003906,231.4640350341797,897.7010498046875,518.8826293945312,559.5266723632812,575.6019897460938,844.0888061523438,733.0442504882812,250.36366271972656,67.882080078125,15.816217422485352,13.849604606628418,971.2606201171875,184.49024963378906,37.1139030456543,28.80794906616211,90.20109558105469,51.81391143798828
26.08041763305664,239.89794921875,930.5202026367188,532.7565307617188,575.7022705078125,590.3610229492188,871.298828125,765.3095092773438,263.81890869140625,70.6340560913086,16.44886589050293,14.838861465454102,1012.567138671875,192.6898193359375,38.7275505065918,29.631032943725586,93.60491180419922,52.94029998779297
26.921720504760742,247.39476013183594,961.4088134765625,547.5552978515625,589.6719970703125,605.1200561523438,893.2984008789062,794.7445068359375,277.75469970703125,72.9273681640625,17.081514358520508,14.838861465454102,1053.8736572265625,199.86444091796875,41.14802169799805,31.27720069885254,97.00872802734375,54.06669235229492
27.763023376464844,254.89157104492188,989.4016723632812,555.879638671875,599.965576171875,617.06787109375,912.9822387695312,820.217041015625,291.2099304199219,75.2206802368164,18.346813201904297,15.828119277954102,1090.7144775390625,206.0141143798828,42.76166915893555,32.100284576416016,99.56159210205078,55.19308090209961
28.604328155517578,257.702880859375,1001.9501953125,550.330078125,593.3482666015625,613.5537719726562,930.9292602539062,843.991455078125,303.7041015625,77.51399230957031,18.979461669921875,16.8173770904541,1124.206298828125,214.21368408203125,44.37531661987305,32.923370361328125,102.11444854736328,56.3194694519043
28.604328155517578,259.57708740234375,1011.6029052734375,524.4321899414062,563.938232421875,592.469482421875,947.1394653320312,868.3319091796875,317.639892578125,79.34864807128906,19.612110137939453,16.8173770904541,1161.0472412109375,219.33840942382812,45.98896789550781,34.56953811645508,104.66731262207031,57.445858001708984
30.286935806274414,269.88519287109375,1045.3873291015625,607.6754150390625,657.315185546875,662.7505493164062,961.033935546875,888.1439208984375,328.21185302734375,81.18329620361328,20.24475860595703,17.8066349029541,1190.0733642578125,226.51303100585938,47.60261535644531,35.39262390136719,107.22017669677734,58.57224655151367
28.604328155517578,261.4512939453125,1000.9849243164062,627.0988159179688,684.51953125,674.6983642578125,976.6652221679688,910.2201538085938,339.74493408203125,83.0179443359375,20.24475860595703,17.8066349029541,1223.565185546875,231.63775634765625,49.21626281738281,36.21570587158203,108.92208099365234,59.698638916015625
26.921720504760742,253.01736450195312,969.1309814453125,638.1978759765625,697.018798828125,682.4292602539062,991.1386108398438,930.5982666015625,352.23907470703125,84.85260009765625,20.87740707397461,18.79589080810547,1255.9404296875,238.8123779296875,50.82991027832031,37.861873626708984,110.62398529052734,59.698638916015625
27.763023376464844,261.4512939453125,995.1932983398438,654.8465576171875,722.0173950195312,704.2163696289062,1004.4541625976562,949.8441772460938,363.77215576171875,86.68724822998047,21.510055541992188,19.78514862060547,1282.73388671875,244.96206665039062,52.44355773925781,38.684959411621094,112.32589721679688,60.82502746582031
28.604328155517578,268.9480895996094,1020.290283203125,670.5702514648438,738.9281616210938,720.3810424804688,1016.61181640625,965.6937866210938,372.9024963378906,88.06324005126953,22.142704010009766,19.78514862060547,1312.87646484375,251.1117401123047,54.05720520019531,39.5080451965332,114.02780151367188,61.951416015625
29.44563102722168,277.38201904296875,1050.213623046875,688.143798828125,759.5151977539062,739.35693359375,1029.348388671875,984.9397583007812,383.4744567871094,89.43922424316406,22.775354385375977,20.77440643310547,1341.902587890625,257.26141357421875,55.67085266113281,40.33112716674805,115.7297134399414,61.951416015625
30.286935806274414,284.8788146972656,1079.1717529296875,704.79248046875,777.896484375,757.6300048828125,1043.82177734375,1002.487548828125,394.5269775390625,90.81521606445312,23.408002853393555,21.76366424560547,1369.8123779296875,262.3861389160156,57.28450012207031,41.154212951660156,117.4316177368164,63.07780456542969
31.128238677978516,294.24981689453125,1109.0950927734375,721.4411010742188,796.27783203125,777.3087158203125,1058.295166015625,1020.0352783203125,404.6184387207031,92.64986419677734,24.040651321411133,21.76366424560547,1396.6058349609375,267.5108642578125,58.89815139770508,42.80038070678711,119.13352966308594,63.07780456542969
31.96954345703125,300.8095397949219,1136.1226806640625,735.31494140625,811.7180786132812,792.0677490234375,1069.8739013671875,1034.7528076171875,414.22930908203125,93.56719207763672,24.67329978942871,22.75292205810547,1418.93359375,270.585693359375,60.51179885864258,42.80038070678711,119.98448181152344,63.07780456542969
32.810848236083984,310.1805419921875,1166.0460205078125,752.8885498046875,830.0994262695312,811.0436401367188,1082.6104736328125,1056.8289794921875,423.3596496582031,94.94317626953125,24.67329978942871,23.74217987060547,1450.192626953125,276.7353820800781,61.31862258911133,43.62346267700195,121.68638610839844,63.07780456542969
32.810848236083984,316.7402648925781,1193.0736083984375,766.7623901367188,844.804443359375,825.8026733398438,1066.4002685546875,1092.4906005859375,437.2954406738281,95.86050415039062,25.30594825744629,23.74217987060547,1497.0810546875,279.8102111816406,63.73909378051758,45.26963424682617,119.98448181152344,57.445858001708984
33.65214920043945,324.237060546875,1220.1011962890625,780.6362915039062,858.7742309570312,841.96728515625,860.8779907226562,1055.130859375,474.7779235839844,85.7699203491211,25.938596725463867,25.720693588256836,1380.976318359375,242.91217041015625,68.58003997802734,43.62346267700195,93.60491180419922,39.42362976074219
34.49345397949219,332.6709899902344,1247.1287841796875,792.6602783203125,871.2734985351562,853.2122802734375,475.8854675292969,758.5167846679688,432.489990234375,56.87417221069336,22.142704010009766,27.699209213256836,904.2771606445312,148.6171417236328,59.70497512817383,32.923370361328125,49.355316162109375,16.895841598510742
35.33475875854492,341.1048889160156,1278.982666015625,804.684326171875,882.3023071289062,866.565673828125,130.8395538330078,330.01141357421875,285.9239501953125,21.09848403930664,12.020325660705566,20.77440643310547,320.40435791015625,50.222347259521484,36.30707931518555,16.461685180664062,16.168121337890625,5.631947040557861
37.017364501953125,349.538818359375,1306.9754638671875,813.9335327148438,892.5958251953125,877.1078491210938,45.7359504699707,117.17386627197266,94.18671417236328,7.797265529632568,3.7958922386169434,8.90331745147705,116.10472106933594,16.399133682250977,16.1364803314209,8.230842590332031,5.956676483154297,3.3791682720184326
37.85866928100586,357.97271728515625,1335.93359375,825.9575805664062,903.6245727539062,889.0556030273438,30.683612823486328,30.00103759765625,35.56028747558594,3.2106387615203857,1.2652974128723145,4.946287155151367,55.819576263427734,9.224513053894043,7.261415958404541,3.292336940765381,4.2547688484191895,2.2527787685394287
37.85866928100586,365.46954345703125,1361.0306396484375,835.206787109375,911.7123413085938,898.192138671875,29.525741577148438,27.170751571655273,14.416333198547363,2.751976251602173,0.6326487064361572,2.9677724838256836,55.819576263427734,9.224513053894043,7.261415958404541,4.115421295166016,4.2547688484191895,2.2527787685394287
38.699974060058594,372.9663391113281,1387.0928955078125,847.2308349609375,923.4763793945312,909.4371337890625,28.946805953979492,26.604694366455078,12.494155883789062,2.751976251602173,0.6326487064361572,2.9677724838256836,54.70318603515625,9.224513053894043,7.261415958404541,4.115421295166016,4.2547688484191895,2.2527787685394287
39.54127883911133,378.5889587402344,1412.18994140625,856.4801025390625,931.5641479492188,917.870849609375,28.946805953979492,27.170751571655273,12.494155883789062,2.751976251602173,0.6326487064361572,2.9677724838256836,58.05236053466797,9.224513053894043,7.261415958404541,4.115421295166016,5.105722427368164,3.3791682720184326
40.3825798034668,386.08575439453125,1435.3563232421875,867.5791625976562,941.1224365234375,926.3045654296875,30.104677200317383,28.302865982055664,12.01361083984375,2.751976251602173,0.6326487064361572,2.9677724838256836,59.16875076293945,10.249458312988281,7.261415958404541,4.115421295166016,5.105722427368164,3.3791682720184326
41.22388458251953,392.6454772949219,1455.6270751953125,876.8284301757812,948.4749755859375,930.5214233398438,31.262550354003906,28.302865982055664,12.494155883789062,2.751976251602173,0.6326487064361572,1.9785149097442627,60.2851448059082,9.224513053894043,7.261415958404541,4.115421295166016,5.105722427368164,3.3791682720184326
42.065189361572266,403.89068603515625,1485.5504150390625,873.1287231445312,945.533935546875,919.2764892578125,32.4204216003418,29.434980392456055,12.494155883789062,2.751976251602173,0.6326487064361572,1.9785149097442627,62.51792526245117,10.249458312988281,7.261415958404541,4.115421295166016,5.105722427368164,3.3791682720184326
42.906490325927734,421.69561767578125,1503.8905029296875,747.3389892578125,809.5123291015625,782.2283935546875,32.999359130859375,30.567094802856445,12.974699974060059,2.751976251602173,0.6326487064361572,1.9785149097442627,63.63431930541992,10.249458312988281,6.454591751098633,4.115421295166016,5.105722427368164,3.3791682720184326
36.176063537597656,353.2872009277344,1223.9622802734375,455.0628356933594,478.64898681640625,463.15228271484375,34.157230377197266,31.69921112060547,12.974699974060059,2.751976251602173,0.6326487064361572,1.9785149097442627,65.86710357666016,10.249458312988281,6.454591751098633,4.115421295166016,5.105722427368164,3.3791682720184326
20.1912899017334,184.6089630126953,642.8697509765625,152.612548828125,150.7266387939453,144.77902221679688,34.736167907714844,31.69921112060547,13.455245018005371,2.751976251602173,0.6326487064361572,1.9785149097442627,68.09988403320312,10.249458312988281,6.454591751098633,4.115421295166016,5.956676483154297,3.3791682720184326
8.413037300109863,73.09391021728516,248.07437133789062,60.12009048461914,60.29065704345703,47.088321685791016,35.315101623535156,32.83132553100586,13.455245018005371,2.751976251602173,0.6326487064361572,1.9785149097442627,68.09988403320312,11.274404525756836,5.647768020629883,4.115421295166016,5.956676483154297,3.3791682720184326
2.523911237716675,19.679128646850586,53.089847564697266,34.222206115722656,30.88058090209961,26.003997802734375,36.47297286987305,34.52949523925781,13.935789108276367,3.2106387615203857,0.6326487064361572,1.9785149097442627,72.5654525756836,11.274404525756836,5.647768020629883,4.115421295166016,5.956676483154297,3.3791682720184326
2.523911237716675,15.930723190307617,43.4371452331543,32.37235641479492,30.145328521728516,25.30118751525879,38.788719177246094,36.22766876220703,14.416333198547363,3.2106387615203857,0.6326487064361572,0.9892574548721313,74.79823303222656,11.274404525756836,5.647768020629883,4.93850564956665,5.956676483154297,3.3791682720184326
2.523911237716675,14.993621826171875,41.50660705566406,32.37235641479492,30.88058090209961,24.598377227783203,39.946590423583984,37.92584228515625,14.896878242492676,3.2106387615203857,0.6326487064361572,0.9892574548721313,77.03101348876953,12.29935073852539,5.647768020629883,4.93850564956665,6.8076300621032715,3.3791682720184326
2.523911237716675,15.930723190307617,41.50660705566406,34.222206115722656,33.086334228515625,26.003997802734375,39.946590423583984,39.05795669555664,15.377422332763672,3.2106387615203857,0.6326487064361572,0.9892574548721313,79.26380157470703,12.29935073852539,5.647768020629883,4.93850564956665,6.8076300621032715,3.3791682720184326
2.523911237716675,15.930723190307617,42.47187805175781,35.14712905883789,33.82158660888672,26.706809997558594,40.52552795410156,40.756126403808594,15.857966423034668,3.2106387615203857,0.6326487064361572,0.9892574548721313,81.49658203125,12.29935073852539,5.647768020629883,4.93850564956665,6.8076300621032715,3.3791682720184326
2.523911237716675,15.930723190307617,43.4371452331543,36.996978759765625,34.55683898925781,27.40962028503418,40.52552795410156,41.32218551635742,16.338510513305664,3.2106387615203857,0.6326487064361572,0.9892574548721313,84.84575653076172,12.29935073852539,5.647768020629883,4.93850564956665,6.8076300621032715,3.3791682720184326
2.523911237716675,16.86782455444336,43.4371452331543,37.921905517578125,36.02734375,28.81524085998535,41.104461669921875,42.45429992675781,16.819055557250977,3.2106387615203857,0.6326487064361572,0.9892574548721313,89.31132507324219,13.324295997619629,5.647768020629883,4.93850564956665,6.8076300621032715,3.3791682720184326
2.523911237716675,17.8049259185791,43.4371452331543,39.771751403808594,37.49784851074219,30.220863342285156,41.68339920043945,43.5864143371582,17.29960060119629,3.6693015098571777,0.6326487064361572,0.9892574548721313,92.6604995727539,13.324295997619629,5.647768020629883,4.93850564956665,7.658583641052246,4.505557537078857
2.523911237716675,17.8049259185791,44.40241622924805,40.696678161621094,39.7036018371582,30.923673629760742,42.26233673095703,44.718528747558594,17.78014373779297,3.6693015098571777,0.6326487064361572,0.9892574548721313,96.00967407226562,13.324295997619629,5.647768020629883,4.93850564956665,7.658583641052246,4.505557537078857
2.523911237716675,17.8049259185791,44.40241622924805,41.62160110473633,40.4388542175293,31.626483917236328,42.26233673095703,45.850643157958984,18.26068878173828,3.6693015098571777,0.6326487064361572,0.9892574548721313,98.2424545288086,14.349242210388184,6.454591751098633,4.93850564956665,7.658583641052246,4.505557537078857
2.523911237716675,17.8049259185791,45.3676872253418,43.47145080566406,41.909358978271484,33.0321044921875,43.9991455078125,47.5488166809082,18.741233825683594,3.6693015098571777,0.6326487064361572,0.9892574548721313,101.59162902832031,14.349242210388184,6.454591751098633,4.93850564956665,7.658583641052246,4.505557537078857
2.523911237716675,18.742027282714844,46.33295822143555,46.24622344970703,44.850364685058594,35.14053726196289,44.57807922363281,49.246986389160156,19.221778869628906,3.6693015098571777,0.6326487064361572,0.9892574548721313,104.94080352783203,15.374187469482422,6.454591751098633,4.93850564956665,7.658583641052246,4.505557537078857
2.523911237716675,19.679128646850586,48.26349639892578,49.020999908447266,47.056121826171875,37.24897003173828,45.7359504699707,50.945159912109375,20.1828670501709,3.6693015098571777,1.2652974128723145,0.9892574548721313,107.17359161376953,15.374187469482422,6.454591751098633,4.93850564956665,7.658583641052246,4.505557537078857
2.523911237716675,20.616230010986328,48.26349639892578,49.9459228515625,47.79137420654297,37.24897003173828,47.47275924682617,53.209388732910156,20.66341209411621,4.127964019775391,1.2652974128723145,0.9892574548721313,110.52276611328125,16.399133682250977,6.454591751098633,4.93850564956665,8.509537696838379,4.505557537078857
2.523911237716675,20.616230010986328,49.22876739501953,49.9459228515625,47.056121826171875,37.9517822265625,47.47275924682617,53.77544403076172,21.624500274658203,4.127964019775391,1.2652974128723145,0.9892574548721313,112.75554656982422,16.399133682250977,6.454591751098633,4.93850564956665,8.509537696838379,4.505557537078857
2.523911237716675,20.616230010986328,51.159305572509766,50.870845794677734,47.79137420654297,38.65459060668945,48.05169677734375,54.907562255859375,22.585588455200195,4.127964019775391,1.2652974128723145,0.9892574548721313,118.3375015258789,17.42407989501953,6.454591751098633,4.93850564956665,8.509537696838379,4.505557537078857
2.523911237716675,21.55333137512207,50.194034576416016,52.72069549560547,49.261878967285156,40.06021499633789,48.63063430786133,57.171791076660156,23.54667854309082,4.127964019775391,1.2652974128723145,0.9892574548721313,123.91946411132812,18.449026107788086,7.261415958404541,5.761589527130127,9.360491752624512,4.505557537078857
2.523911237716675,21.55333137512207,51.159305572509766,53.64562225341797,49.99713134765625,40.763023376464844,49.20956802368164,57.73784637451172,24.507766723632812,4.127964019775391,1.2652974128723145,0.9892574548721313,129.5014190673828,19.473970413208008,7.261415958404541,5.761589527130127,9.360491752624512,4.505557537078857
2.523911237716675,23.427534103393555,54.05511474609375,54.5705451965332,50.73237991333008,42.871456146240234,49.20956802368164,58.86996078491211,25.949399948120117,4.586627006530762,1.2652974128723145,0.9892574548721313,133.96697998046875,19.473970413208008,7.261415958404541,5.761589527130127,9.360491752624512,4.505557537078857
2.523911237716675,24.364635467529297,56.950923919677734,56.42039489746094,52.202884674072266,43.57426834106445,48.63063430786133,58.86996078491211,26.910490036010742,4.586627006530762,1.2652974128723145,1.9785149097442627,137.316162109375,20.498916625976562,8.06824016571045,6.584673881530762,10.211444854736328,4.505557537078857
3.3652150630950928,25.30173683166504,57.916194915771484,57.34531784057617,53.67338943481445,44.979888916015625,48.63063430786133,60.0020751953125,28.352123260498047,4.586627006530762,1.2652974128723145,1.9785149097442627,139.54893493652344,21.523862838745117,8.06824016571045,6.584673881530762,10.211444854736328,4.505557537078857
3.3652150630950928,26.23883819580078,60.81200408935547,59.195167541503906,55.879146575927734,46.3855094909668,49.20956802368164,61.70024871826172,29.79375648498535,4.586627006530762,1.2652974128723145,1.9785149097442627,140.6653289794922,21.523862838745117,8.8750638961792,6.584673881530762,10.211444854736328,4.505557537078857
3.3652150630950928,28.113040924072266,63.70781326293945,61.04501724243164,56.61439514160156,48.49394226074219,50.36743927001953,63.9644775390625,31.235389709472656,5.045289516448975,1.2652974128723145,1.9785149097442627,142.8981170654297,22.548809051513672,8.8750638961792,7.4077582359313965,10.211444854736328,4.505557537078857
3.3652150630950928,29.050142288208008,66.60362243652344,61.04501724243164,57.349647521972656,49.196754455566406,51.52531433105469,66.22870635986328,33.15756607055664,5.045289516448975,1.2652974128723145,1.9785149097442627,147.36367797851562,23.573755264282227,9.68188762664795,7.4077582359313965,10.211444854736328,5.631947040557861
3.3652150630950928,30.924345016479492,70.46470642089844,61.969940185546875,58.820152282714844,50.60237503051758,54.41999435424805,70.75716400146484,36.04083251953125,5.045289516448975,1.2652974128723145,1.9785149097442627,154.06202697753906,24.59870147705078,9.68188762664795,7.4077582359313965,11.062398910522461,5.631947040557861
3.3652150630950928,31.861446380615234,73.36051177978516,62.894866943359375,60.29065704345703,53.41361999511719,58.4725456237793,74.71956634521484,37.9630126953125,5.503952503204346,1.8979461193084717,1.9785149097442627,158.52760314941406,25.623645782470703,10.4887113571167,8.230842590332031,11.062398910522461,5.631947040557861
3.3652150630950928,33.73564910888672,76.2563247680664,64.74471282958984,62.49641036987305,55.52204895019531,58.4725456237793,75.2856216430664,39.40464401245117,5.503952503204346,1.8979461193084717,1.9785149097442627,165.2259521484375,26.648591995239258,11.295536041259766,8.230842590332031,11.062398910522461,5.631947040557861
